.Random.seed <-
c(403L, 10L, 756117475L, 1689126017L, -1992437008L, 1042184590L, 
-668133639L, -1167399797L, -1182561094L, -815675460L, -1750207233L, 
1837979733L, 300542828L, -1939373118L, -1864317923L, -1370671977L, 
-1330331138L, -745160264L, 1198181787L, -29125639L, -342992056L, 
14857846L, -1025429583L, -145206813L, 714069682L, 1235479300L, 
-200632249L, -1738076387L, 1698108820L, 1538406714L, -183212667L, 
-5722529L, 15333606L, 964180848L, -556802925L, 730220849L, 245403616L, 
628520062L, 888747785L, 1274476859L, 1086135562L, -1761717012L, 
-735362705L, -6977883L, -202057636L, 519172146L, 557557549L, 
-959240729L, 104831246L, 1456635624L, -490630933L, -1981607543L, 
302944536L, 502408262L, 402304161L, -964086989L, 757013154L, 
-1453723244L, -889372649L, -1748592627L, 346475812L, 2140993802L, 
-472133515L, 1568488399L, 1917054166L, 1162157184L, 1142948547L, 
284322913L, -372749104L, 1916821038L, -507961383L, 1039646699L, 
619337306L, 716927004L, -1606578913L, -1197052555L, -609068020L, 
480591330L, 1578008253L, -2122573513L, 671989214L, -1999236328L, 
-585328005L, -873310183L, 1241059496L, 1184780886L, -1926045999L, 
2600579L, -1192172270L, 2067091620L, 503058535L, -1634147907L, 
1131948852L, 316514458L, -1822562587L, 966987903L, 1814219270L, 
-336890480L, -863205325L, -673585199L, -112169600L, 1166843998L, 
-260583511L, 972117595L, -2114950550L, 853563148L, -1001184945L, 
-885638651L, -785954628L, -1032986222L, -1591805299L, -1521456953L, 
273571246L, 1901234184L, 1739496459L, -350521111L, 1369020344L, 
-286592922L, -717897471L, -119007341L, 2122868802L, 2016559092L, 
1301322231L, -2003874323L, -229302652L, 1620689066L, -1031434731L, 
600715951L, -1726527306L, 666175200L, -578586077L, -1355340479L, 
-1516447696L, -368213426L, 1602692793L, -1251335477L, 1092047738L, 
-269745540L, -1013205313L, -567754859L, -1121519700L, -543783550L, 
-1411994787L, -1552374185L, 102462782L, 202171768L, 1536857691L, 
578544057L, -1446763512L, 200072886L, -1522561551L, -1560493021L, 
124640370L, -1223819580L, 1097472135L, -1840284579L, -2016058796L, 
1014249594L, -752378939L, 184855839L, 1307278502L, 955625008L, 
347067603L, -2106860815L, -934180320L, -810881858L, -261064503L, 
633481851L, 199237706L, -806604628L, -744020049L, 1210127205L, 
664733980L, -113348238L, -187543059L, 1691203111L, 2006627918L, 
-230466904L, -266585941L, 1644347849L, 61607384L, -591684474L, 
-677363359L, 1410172147L, 1844792162L, 845219284L, -36073257L, 
-1932361011L, -343596444L, 718698570L, -1496838731L, -1480666865L, 
-301715946L, -1829001024L, -1921933693L, -1201382751L, 98634896L, 
-720418962L, -1713979111L, -947813973L, 573685658L, -1923838116L, 
-268321185L, 1144270389L, 1211993548L, 1219366178L, 857782141L, 
819154039L, 1934545310L, 2145380440L, 859313595L, 835263321L, 
88738024L, -887846634L, 1760680593L, -438167741L, -226352558L, 
-1502092060L, 1940148007L, -1165808771L, 561090164L, -2078896038L, 
1071007909L, -292021569L, -305012410L, -857729072L, 295322099L, 
879258897L, 851872064L, -1265315376L, 218984802L, 1257345000L, 
1670607820L, 1553807100L, -949259278L, 1727745152L, -2117449484L, 
173351048L, 1674113338L, -1473049776L, -1961996180L, 1791241364L, 
-317156014L, 254999264L, -90833716L, -878287712L, -1015134846L, 
912594152L, 2129536236L, 2113185852L, -1881232270L, -284357520L, 
99881508L, 2117809720L, -242540006L, -1051734832L, 1246678588L, 
457164948L, -1294437246L, -1061669952L, 714426684L, 838405776L, 
374379554L, -588005368L, 648987788L, -343770084L, 1099075730L, 
-343237504L, -1248916460L, 1902323496L, -1627418566L, 1363499216L, 
904036460L, -745482572L, -1024721902L, -2118396960L, 1326982092L, 
1898072544L, -715450334L, -359772888L, 692371724L, -1416216004L, 
-1360893710L, -1720324880L, -1299390652L, 1477639256L, -939622854L, 
-1965664016L, 96356028L, 731292180L, 1057105090L, -1742218656L, 
845242748L, -1649271600L, 1433972770L, 694432936L, 1569517964L, 
1673818556L, 1704651826L, -1924804800L, 1987807924L, 1960738120L, 
-1600883014L, 98708240L, 1889884396L, -1585025964L, -32951534L, 
-1625379424L, -79738932L, 2079300448L, -39154494L, -868404696L, 
50453932L, 2134217532L, 1224507250L, 844697392L, 2145872932L, 
-1055370696L, -1491609894L, -829029488L, 406601980L, 100567444L, 
521104194L, -1061703168L, -796060612L, 1880738384L, -1068329822L, 
1118017352L, 362391052L, 285558492L, 294191186L, 37519488L, 1894130516L, 
2049979368L, -1579187462L, 1017311056L, -734965716L, 1994961268L, 
-1790510446L, -258960800L, 85699724L, -2024350368L, -1191755550L, 
-1549973336L, -1533517108L, 232875516L, -963872846L, -924614672L, 
294198724L, -1721829032L, -105616006L, 1724542384L, 2080348604L, 
656165460L, 1003150786L, 1805040416L, 1059724220L, 1842340944L, 
-543979550L, 1311763304L, -1018153140L, -776824068L, -1219800334L, 
-1884479232L, -12467084L, 783219208L, -369864262L, 1176263120L, 
-742206484L, 210032532L, -195971886L, -1421193120L, 31009100L, 
-111866080L, 122016386L, 510169576L, 959919084L, 783523388L, 
-781335950L, -257931408L, -705289948L, -1248719304L, -87564902L, 
1505392080L, 1688736188L, 1243458196L, 1905317506L, -1171703360L, 
72294204L, -2144467312L, -238439646L, 320359944L, -1711778036L, 
637706140L, 389449746L, -832113792L, -204546284L, 393337128L, 
1266067514L, -1548458032L, -1087561108L, 101381172L, 527768722L, 
-1328356000L, -617082548L, 795791840L, 1645741986L, -313790552L, 
-1740882804L, 1835883452L, 1289764978L, -1189342224L, 224489540L, 
171398232L, -1173276614L, 1958727792L, 750332476L, 1594604308L, 
-2502974L, 301104864L, -1721846660L, 101753040L, -785083486L, 
-469720536L, -760259316L, 372272060L, -1979945678L, -683002688L, 
-1601864140L, 1656854216L, 865210042L, -1324652400L, 426486508L, 
-2035101100L, 1510086290L, -328332512L, 435833804L, -1288297248L, 
293923522L, -653729752L, -801823828L, -1415429444L, -2132505102L, 
2103397936L, -1539111004L, -41368136L, -474265766L, -1012225904L, 
-1185070212L, -1538655468L, -1357856446L, 2098746112L, -743802948L, 
-1116585136L, 873704738L, -943700408L, -1218117438L, -1789815593L, 
616087841L, -1561949978L, 431750628L, 2098927893L, 66015551L, 
211778776L, 1505916150L, -1992863997L, -548657083L, 1521141858L, 
839188432L, 1148683513L, 1754353195L, 546068892L, -470783542L, 
595061439L, 1644338185L, -967074530L, 1525776588L, 1039393949L, 
-599803609L, -723844272L, 1386651118L, 1330768539L, -1924498179L, 
-1981078550L, 1554625672L, 1480198705L, -1923646301L, -1399824220L, 
369807698L, -1892602713L, -1391392527L, -1066475466L, -1139867436L, 
-790547355L, -362336657L, 2094715048L, 1960279558L, 1423417139L, 
730553237L, -58576910L, -1616376768L, 477820329L, -598483941L, 
-1651566100L, 1123189242L, 740304431L, -1022180807L, -453043122L, 
-1236597604L, 445478413L, -729056649L, 311298688L, 1099047134L, 
1850715051L, -1723874131L, -135718630L, 568577496L, -1601604031L, 
-732910349L, -1473529068L, -1142924638L, -1348979785L, 1471311745L, 
-1946856058L, 330725316L, -1601627403L, -415551649L, -1234619976L, 
1284950166L, 1087319715L, 371970149L, -61495934L, -1593846032L, 
1889094297L, -1342591349L, 90591100L, 1624392106L, 734808543L, 
-519266455L, -102996098L, 1914482540L, -812543043L, 1789984903L, 
-323470224L, -1639368946L, 1704504379L, -1244224739L, -633321014L, 
640529128L, -1549781551L, -598243389L, 1905086660L, 2007027570L, 
14152263L, 34837009L, -838607978L, 1078275828L, -1232813947L, 
1664034255L, -931008312L, 1806719334L, 1260108691L, 467526901L, 
314660050L, 428327712L, 456039177L, -990110661L, -795836020L, 
-719349734L, 55714959L, -1909478439L, 1823280238L, 1555329020L, 
1663026541L, -505913577L, -311574816L, -162153282L, 1690663563L, 
1289539853L, -1167026886L, 1653052792L, -1517248735L, 778254291L, 
-325083404L, 1193017218L, 730777111L, 651439329L, 940653094L, 
-522831068L, 1709601749L, -2108349569L, 745539096L, 589925686L, 
1564099523L, 1726310917L, 164573602L, 260232592L, 1454691641L, 
-1995513365L, -952065316L, -1681258742L, -1969174017L, 1640276041L, 
